Day   Jan   Feb   Mar   Apr   May   June  July  Aug   Sep   Oct   Nov   Dec
 1    10815 10846 10874 10905 10935 10966 10996 11027 11058 11088 11119 11149
 2    10816 10847 10875 10906 10936 10967 10997 11028 11059 11089 11120 11150
 3    10817 10848 10876 10907 10937 10968 10998 11029 11060 11090 11121 11151
 4    10818 10849 10877 10908 10938 10969 10999 11030 11061 11091 11122 11152
 5    10819 10850 10878 10909 10939 10970 11000 11031 11062 11092 11123 11153
 6    10820 10851 10879 10910 10940 10971 11001 11032 11063 11093 11124 11154
 7    10821 10852 10880 10911 10941 10972 11002 11033 11064 11094 11125 11155
 8    10822 10853 10881 10912 10942 10973 11003 11034 11065 11095 11126 11156
 9    10823 10854 10882 10913 10943 10974 11004 11035 11066 11096 11127 11157
10    10824 10855 10883 10914 10944 10975 11005 11036 11067 11097 11128 11158
11    10825 10856 10884 10915 10945 10976 11006 11037 11068 11098 11129 11159
12    10826 10857 10885 10916 10946 10977 11007 11038 11069 11099 11130 11160
13    10827 10858 10886 10917 10947 10978 11008 11039 11070 11100 11131 11161
14    10828 10859 10887 10918 10948 10979 11009 11040 11071 11101 11132 11162
15    10829 10860 10888 10919 10949 10980 11010 11041 11072 11102 11133 11163
16    10830 10861 10889 10920 10950 10981 11011 11042 11073 11103 11134 11164
17    10831 10862 10890 10921 10951 10982 11012 11043 11074 11104 11135 11165
18    10832 10863 10891 10922 10952 10983 11013 11044 11075 11105 11136 11166
19    10833 10864 10892 10923 10953 10984 11014 11045 11076 11106 11137 11167
20    10834 10865 10893 10924 10954 10985 11015 11046 11077 11107 11138 11168
21    10835 10866 10894 10925 10955 10986 11016 11047 11078 11108 11139 11169
22    10836 10867 10895 10926 10956 10987 11017 11048 11079 11109 11140 11170
23    10837 10868 10896 10927 10957 10988 11018 11049 11080 11110 11141 11171
24    10838 10869 10897 10928 10958 10989 11019 11050 11081 11111 11142 11172
25    10839 10870 10898 10929 10959 10990 11020 11051 11082 11112 11143 11173
26    10840 10871 10899 10930 10960 10991 11021 11052 11083 11113 11144 11174
27    10841 10872 10900 10931 10961 10992 11022 11053 11084 11114 11145 11175
28    10842 10873 10901 10932 10962 10993 11023 11054 11085 11115 11146 11176
29    10843     0 10902 10933 10963 10994 11024 11055 11086 11116 11147 11177
30    10844     0 10903 10934 10964 10995 11025 11056 11087 11117 11148 11178
31    10845     0 10904     0 10965     0 11026 11057     0 11118     0 11179
