Day   Jan   Feb   Mar   Apr   May   June  July  Aug   Sep   Oct   Nov   Dec
 1    10084 10115 10144 10175 10205 10236 10266 10297 10328 10358 10389 10419
 2    10085 10116 10145 10176 10206 10237 10267 10298 10329 10359 10390 10420
 3    10086 10117 10146 10177 10207 10238 10268 10299 10330 10360 10391 10421
 4    10087 10118 10147 10178 10208 10239 10269 10300 10331 10361 10392 10422
 5    10088 10119 10148 10179 10209 10240 10270 10301 10332 10362 10393 10423
 6    10089 10120 10149 10180 10210 10241 10271 10302 10333 10363 10394 10424
 7    10090 10121 10150 10181 10211 10242 10272 10303 10334 10364 10395 10425
 8    10091 10122 10151 10182 10212 10243 10273 10304 10335 10365 10396 10426
 9    10092 10123 10152 10183 10213 10244 10274 10305 10336 10366 10397 10427
10    10093 10124 10153 10184 10214 10245 10275 10306 10337 10367 10398 10428
11    10094 10125 10154 10185 10215 10246 10276 10307 10338 10368 10399 10429
12    10095 10126 10155 10186 10216 10247 10277 10308 10339 10369 10400 10430
13    10096 10127 10156 10187 10217 10248 10278 10309 10340 10370 10401 10431
14    10097 10128 10157 10188 10218 10249 10279 10310 10341 10371 10402 10432
15    10098 10129 10158 10189 10219 10250 10280 10311 10342 10372 10403 10433
16    10099 10130 10159 10190 10220 10251 10281 10312 10343 10373 10404 10434
17    10100 10131 10160 10191 10221 10252 10282 10313 10344 10374 10405 10435
18    10101 10132 10161 10192 10222 10253 10283 10314 10345 10375 10406 10436
19    10102 10133 10162 10193 10223 10254 10284 10315 10346 10376 10407 10437
20    10103 10134 10163 10194 10224 10255 10285 10316 10347 10377 10408 10438
21    10104 10135 10164 10195 10225 10256 10286 10317 10348 10378 10409 10439
22    10105 10136 10165 10196 10226 10257 10287 10318 10349 10379 10410 10440
23    10106 10137 10166 10197 10227 10258 10288 10319 10350 10380 10411 10441
24    10107 10138 10167 10198 10228 10259 10289 10320 10351 10381 10412 10442
25    10108 10139 10168 10199 10229 10260 10290 10321 10352 10382 10413 10443
26    10109 10140 10169 10200 10230 10261 10291 10322 10353 10383 10414 10444
27    10110 10141 10170 10201 10231 10262 10292 10323 10354 10384 10415 10445
28    10111 10142 10171 10202 10232 10263 10293 10324 10355 10385 10416 10446
29    10112     0 10172 10203 10233 10264 10294 10325 10356 10386 10417 10447
30    10113     0 10173 10204 10234 10265 10295 10326 10357 10387 10418 10448
31    10114     0 10174     0 10235     0 10296 10327     0 10388     0 10449
