nan nan
-70.323795	41.326006
-70.323501	41.327473
-70.324381	41.328353
-70.326142	41.328353
-70.328488	41.325420
-70.328488	41.324833
-70.327902	41.323953
-70.325848	41.324246
-70.323795	41.326006
nan nan
-70.035134	41.240640
-70.039828	41.240934
-70.041294	41.241814
-70.045401	41.241814
-70.045988	41.242400
-70.053029	41.242694
-70.054202	41.243281
-70.058602	41.243574
-70.060362	41.243867
-70.086178	41.244454
-70.087644	41.243574
-70.092925	41.243574
-70.094978	41.242400
-70.097618	41.242400
-70.098792	41.242107
-70.100259	41.241520
-70.100259	41.241227
-70.101432	41.240934
-70.107006	41.240934
-70.107593	41.240347
-70.108473	41.240054
-70.111993	41.240640
-70.117860	41.240934
-70.118153	41.241520
-70.119033	41.241814
-70.120500	41.241520
-70.120500	41.242107
-70.124314	41.242400
-70.124314	41.242694
-70.127541	41.243281
-70.129301	41.244454
-70.134288	41.245041
-70.135168	41.245627
-70.137515	41.245627
-70.138101	41.246507
-70.141915	41.246507
-70.142795	41.247388
-70.146022	41.247388
-70.146022	41.247974
-70.149249	41.248268
-70.150422	41.249148
-70.154529	41.249148
-70.155409	41.249441
-70.160396	41.250028
-70.161570	41.250614
-70.162156	41.251494
-70.163917	41.251494
-70.165090	41.252375
-70.165677	41.252375
-70.166263	41.252961
-70.168317	41.253255
-70.168904	41.253841
-70.172424	41.255601
-70.173891	41.255601
-70.175064	41.256482
-70.176237	41.256775
-70.176237	41.257068
-70.177411	41.257362
-70.177998	41.257948
-70.180638	41.258242
-70.182398	41.258828
-70.183278	41.259708
-70.185331	41.260588
-70.186505	41.260882
-70.190025	41.262642
-70.190612	41.262935
-70.193252	41.263229
-70.193545	41.263522
-70.195599	41.264695
-70.197946	41.264989
-70.198826	41.265575
-70.199706	41.265869
-70.200586	41.266456
-70.201759	41.266456
-70.202639	41.267336
-70.205573	41.268802
-70.207333	41.269096
-70.207920	41.269682
-70.209093	41.269976
-70.212613	41.272029
-70.214080	41.271736
-70.216134	41.271736
-70.217014	41.272323
-70.219361	41.272323
-70.219947	41.272909
-70.222294	41.272909
-70.224641	41.274376
-70.224641	41.275843
-70.224641	41.276723
-70.220241	41.276136
-70.219654	41.275843
-70.219067	41.275550
-70.217600	41.275550
-70.214080	41.276136
-70.213200	41.276136
-70.212613	41.275550
-70.210560	41.275550
-70.206453	41.275843
-70.204986	41.276430
-70.204106	41.276430
-70.202346	41.274963
-70.200879	41.275256
-70.201173	41.277310
-70.200293	41.279363
-70.198826	41.279656
-70.198826	41.280830
-70.197652	41.281123
-70.197066	41.282883
-70.195305	41.284937
-70.195892	41.286404
-70.195599	41.287870
-70.196186	41.288750
-70.197066	41.289337
-70.199412	41.290217
-70.200879	41.289044
-70.202346	41.288750
-70.203226	41.287577
-70.204693	41.287577
-70.205866	41.286697
-70.207626	41.287284
-70.208213	41.287577
-70.208506	41.289044
-70.209386	41.290511
-70.208506	41.293738
-70.205866	41.294031
-70.204106	41.294911
-70.199999	41.294911
-70.199999	41.295204
-70.196186	41.297258
-70.190905	41.297551
-70.189732	41.296964
-70.187678	41.296378
-70.186211	41.295498
-70.180344	41.295791
-70.179171	41.296671
-70.168317	41.296671
-70.166557	41.295791
-70.160103	41.295791
-70.158049	41.294911
-70.152182	41.294911
-70.151302	41.295791
-70.146315	41.296084
-70.139861	41.296084
-70.138101	41.294911
-70.129594	41.294618
-70.129007	41.295498
-70.119913	41.295791
-70.119327	41.296378
-70.115806	41.296671
-70.114926	41.297258
-70.110819	41.297258
-70.110233	41.298138
-70.105832	41.298138
-70.104366	41.296378
-70.104366	41.296084
-70.103486	41.294618
-70.100259	41.293444
-70.097912	41.293444
-70.097032	41.292564
-70.094392	41.292564
-70.092925	41.291097
-70.092925	41.289631
-70.093805	41.288750
-70.097032	41.288164
-70.097912	41.287577
-70.099379	41.287284
-70.099085	41.286404
-70.098499	41.285230
-70.098499	41.284057
-70.097618	41.284057
-70.096152	41.282590
-70.095272	41.282590
-70.094392	41.281417
-70.094392	41.279656
-70.094098	41.278776
-70.092338	41.278776
-70.091165	41.279656
-70.091165	41.279950
-70.088524	41.279950
-70.087058	41.281417
-70.085884	41.281710
-70.084711	41.283177
-70.083537	41.283470
-70.082951	41.284057
-70.081777	41.284057
-70.081777	41.285230
-70.080311	41.285817
-70.079137	41.288164
-70.078550	41.288750
-70.078550	41.289924
-70.077964	41.290511
-70.076790	41.290804
-70.076204	41.291391
-70.074150	41.291391
-70.072977	41.291391
-70.071803	41.290511
-70.070043	41.294324
-70.069456	41.294618
-70.068576	41.296671
-70.068576	41.297844
-70.068283	41.298138
-70.066523	41.298138
-70.064469	41.298138
-70.063296	41.297551
-70.053322	41.297258
-70.052149	41.296671
-70.046575	41.296964
-70.046281	41.297551
-70.044815	41.298138
-70.044228	41.298725
-70.040121	41.300778
-70.038068	41.301071
-70.037774	41.301658
-70.034547	41.302245
-70.033080	41.303125
-70.032200	41.304298
-70.031614	41.306058
-70.030147	41.306938
-70.028093	41.306645
-70.026920	41.306645
-70.026920	41.307232
-70.028680	41.307525
-70.029267	41.309285
-70.033374	41.310752
-70.034547	41.311339
-70.035721	41.312806
-70.037774	41.316619
-70.037774	41.317206
-70.036014	41.317499
-70.027507	41.317499
-70.026333	41.318086
-70.024867	41.318086
-70.023106	41.318966
-70.021053	41.320433
-70.017533	41.321019
-70.017239	41.321606
-70.015186	41.321606
-70.013719	41.322486
-70.011079	41.322486
-70.008439	41.324540
-70.008732	41.325420
-70.006972	41.325713
-70.006385	41.327180
-70.005799	41.327473
-70.005212	41.328353
-70.004918	41.330700
-70.005212	41.333340
-70.006092	41.334807
-70.006092	41.336274
-70.007265	41.337447
-70.009025	41.338034
-70.010786	41.339794
-70.012546	41.340381
-70.013719	41.341554
-70.014599	41.341848
-70.014893	41.343901
-70.014599	41.345955
-70.016066	41.345661
-70.016653	41.345368
-70.025160	41.345075
-70.025453	41.343901
-70.027800	41.343901
-70.029267	41.343021
-70.030440	41.340381
-70.032200	41.339794
-70.031907	41.338914
-70.032787	41.337741
-70.032787	41.334807
-70.033080	41.333634
-70.034547	41.332460
-70.035721	41.332167
-70.036894	41.331580
-70.037481	41.331580
-70.038654	41.331287
-70.038654	41.325126
-70.040121	41.324246
-70.045988	41.324246
-70.047748	41.323073
-70.047748	41.316913
-70.048335	41.315739
-70.049215	41.315152
-70.053615	41.314859
-70.055962	41.313392
-70.056842	41.312512
-70.058602	41.308699
-70.059776	41.307819
-70.064469	41.307232
-70.066230	41.306352
-70.066523	41.305472
-70.067110	41.304885
-70.067110	41.303418
-70.067990	41.301951
-70.069750	41.301365
-70.070923	41.300778
-70.075324	41.300778
-70.076497	41.300485
-70.076790	41.299898
-70.078257	41.299898
-70.079724	41.299018
-70.080897	41.295498
-70.080897	41.293738
-70.081777	41.293444
-70.083244	41.292564
-70.086764	41.293444
-70.090578	41.295204
-70.090871	41.295498
-70.093512	41.296084
-70.094098	41.296964
-70.094978	41.298725
-70.093512	41.300191
-70.090285	41.299898
-70.089405	41.300778
-70.087644	41.300778
-70.086471	41.301658
-70.082951	41.301951
-70.082071	41.302538
-70.078844	41.304592
-70.077670	41.305472
-70.074443	41.307232
-70.073563	41.307525
-70.071510	41.309872
-70.069163	41.310165
-70.067110	41.311045
-70.065349	41.312512
-70.062123	41.313686
-70.061243	41.314859
-70.059776	41.315152
-70.058309	41.316032
-70.052735	41.322193
-70.053029	41.323073
-70.051268	41.324246
-70.050388	41.325420
-70.049508	41.326006
-70.049508	41.326593
-70.047162	41.328060
-70.046868	41.328940
-70.039828	41.335687
-70.038948	41.338034
-70.038361	41.338034
-70.038068	41.339501
-70.036894	41.340088
-70.035427	41.342728
-70.032494	41.348301
-70.032787	41.350648
-70.031320	41.351822
-70.031320	41.353288
-70.030147	41.355049
-70.029854	41.356809
-70.029267	41.357395
-70.029560	41.361796
-70.029560	41.363263
-70.028387	41.364143
-70.028387	41.368543
-70.029854	41.371476
-70.029854	41.372356
-70.030147	41.373530
-70.031027	41.373823
-70.031907	41.375877
-70.033667	41.376757
-70.038068	41.381450
-70.040121	41.381744
-70.040414	41.382917
-70.040121	41.383211
-70.044228	41.384384
-70.044521	41.384677
-70.046281	41.385264
-70.046575	41.385557
-70.049508	41.385851
-70.049508	41.386437
-70.051562	41.387318
-70.052735	41.387611
-70.054202	41.389958
-70.054202	41.391131
-70.055082	41.392305
-70.055375	41.393478
-70.055375	41.394065
-70.053909	41.395531
-70.053029	41.395531
-70.051562	41.395531
-70.049215	41.394945
-70.049215	41.394358
-70.047748	41.394065
-70.047162	41.393478
-70.045401	41.393185
-70.045401	41.392598
-70.043935	41.392011
-70.043055	41.391718
-70.043055	41.390838
-70.041881	41.390251
-70.040708	41.388784
-70.039534	41.388491
-70.038654	41.387904
-70.029854	41.378224
-70.028974	41.377930
-70.027800	41.375583
-70.026040	41.374117
-70.024867	41.372063
-70.022226	41.368543
-70.021640	41.367076
-70.020173	41.365609
-70.019880	41.364436
-70.018706	41.362382
-70.018413	41.361209
-70.016946	41.360329
-70.016653	41.359156
-70.015186	41.358275
-70.014893	41.356809
-70.013426	41.355342
-70.013132	41.353875
-70.011666	41.350355
-70.011959	41.350062
-70.010492	41.347715
-70.008439	41.346541
-70.006385	41.344781
-70.005505	41.343021
-70.005799	41.342141
-70.004918	41.340674
-69.999931	41.336567
nan nan
-70.285659	41.336274
-70.285659	41.336861
-70.286245	41.337154
-70.289766	41.337447
-70.291526	41.338327
-70.294459	41.338327
-70.295339	41.339207
-70.304433	41.338914
-70.305900	41.339794
-70.307367	41.340088
-70.310007	41.340088
-70.310594	41.339207
-70.312647	41.338914
-70.313234	41.338621
-70.313527	41.337447
-70.313527	41.332167
-70.311767	41.330113
-70.311180	41.327473
-70.311180	41.325713
-70.310594	41.325126
-70.309420	41.325126
-70.309127	41.324246
-70.307954	41.323366
-70.305900	41.323366
-70.305020	41.322486
-70.299153	41.322486
-70.298273	41.323073
-70.298273	41.324833
-70.298273	41.326006
-70.299446	41.326593
-70.304433	41.326593
-70.306780	41.327473
-70.308540	41.329820
-70.308834	41.332460
-70.308540	41.333340
-70.307073	41.333927
-70.305607	41.333340
-70.304727	41.333047
-70.304140	41.330994
-70.303553	41.329820
-70.300913	41.330113
-70.300326	41.330700
-70.294166	41.330700
-70.294166	41.331287
-70.290059	41.333927
-70.289472	41.333927
-70.288886	41.334807
-70.286245	41.335394
-70.285659	41.336274
nan nan
-70.316461	41.324833
-70.317928	41.326300
-70.318808	41.326593
-70.319688	41.326300
-70.321448	41.324246
-70.321448	41.323660
-70.318221	41.323073
-70.316461	41.324833
nan nan
-70.239602	41.296378
-70.239602	41.298431
-70.239895	41.299311
-70.239895	41.300778
-70.242242	41.304005
-70.245469	41.306352
-70.247523	41.306352
-70.248696	41.307819
-70.251043	41.308405
-70.251923	41.309285
-70.253096	41.309285
-70.253976	41.309872
-70.258083	41.309872
-70.258670	41.310459
-70.260430	41.310459
-70.261897	41.311339
-70.267764	41.311339
-70.269524	41.311339
-70.270404	41.310459
-70.269524	41.308992
-70.267471	41.308405
-70.268057	41.307525
-70.270111	41.307525
-70.270991	41.308992
-70.275098	41.308992
-70.275685	41.309872
-70.277151	41.309872
-70.278325	41.309579
-70.278618	41.309285
-70.278618	41.307819
-70.273924	41.302831
-70.273044	41.301071
-70.269231	41.297551
-70.268644	41.295791
-70.267471	41.294324
-70.265417	41.293444
-70.263657	41.293151
-70.261604	41.292564
-70.259550	41.292271
-70.256030	41.292564
-70.248989	41.292271
-70.247523	41.291684
-70.245176	41.291684
-70.243709	41.290804
-70.242829	41.291684
-70.240482	41.291977
-70.239309	41.294031
-70.239602	41.296378
nan nan
-70.212320	41.279070
-70.212907	41.279363
-70.215254	41.280537
-70.218187	41.280537
-70.219067	41.281417
-70.224348	41.281417
-70.225228	41.282297
-70.227868	41.282590
-70.228161	41.283177
-70.229921	41.284057
-70.231095	41.284057
-70.231388	41.284644
-70.233148	41.284937
-70.234028	41.285524
-70.239309	41.285524
-70.241069	41.286110
-70.241949	41.287870
-70.244002	41.288164
-70.244296	41.288457
-70.244882	41.289044
-70.246936	41.289337
-70.248109	41.289044
-70.248989	41.288164
-70.249283	41.287577
-70.249283	41.286110
-70.248403	41.284350
-70.244882	41.284057
-70.244002	41.283177
-70.242242	41.283177
-70.241655	41.282590
-70.238722	41.282297
-70.235788	41.281710
-70.235495	41.280830
-70.230801	41.279950
-70.229041	41.278483
-70.226108	41.278483
-70.225228	41.277603
-70.223467	41.277603
-70.222587	41.277016
-70.219654	41.276723
-70.218774	41.276136
-70.218187	41.275843
-70.217014	41.275843
-70.215840	41.276723
-70.214374	41.276723
-70.212613	41.278190
-70.212320	41.279070
nan nan
-70.253390	41.290511
-70.255150	41.291977
-70.256030	41.291977
-70.257790	41.291391
-70.258963	41.290217
-70.258963	41.289337
-70.256617	41.288164
-70.255443	41.288164
-70.254563	41.288457
-70.253976	41.290217
-70.253390	41.290511
nan nan
-70.302380	41.316619
-70.302967	41.317793
-70.305607	41.318966
-70.306487	41.318379
-70.307073	41.317206
-70.307073	41.316326
-70.306780	41.316032
-70.304433	41.315152
-70.303260	41.314859
-70.302380	41.316619
nan nan
-70.310887	41.318966
-70.312061	41.320726
-70.313527	41.321019
-70.314114	41.321019
-70.315287	41.319846
-70.315287	41.318966
-70.313821	41.316913
-70.313234	41.316619
-70.312354	41.316619
-70.311474	41.317499
-70.311767	41.318379
-70.310887	41.318966
nan nan
-69.999931	41.336567
-69.999638	41.336274
-69.999051	41.333047
-69.997878	41.331874
-69.997291	41.329527
-69.996411	41.329233
-69.995824	41.328353
-69.996118	41.327767
-69.996118	41.326887
-69.995824	41.326593
-69.994651	41.326300
-69.994358	41.325126
-69.993478	41.323953
-69.992598	41.322193
-69.992598	41.321606
-69.991131	41.319846
-69.989077	41.318673
-69.988784	41.316913
-69.987611	41.316032
-69.987317	41.315152
-69.986437	41.314859
-69.985850	41.313392
-69.984677	41.312806
-69.984090	41.311339
-69.982624	41.309872
-69.982624	41.309579
-69.981743	41.308405
-69.981743	41.307232
-69.980863	41.306352
-69.979397	41.305178
-69.979103	41.303712
-69.976170	41.301071
-69.976170	41.299898
-69.974703	41.298725
-69.973823	41.297844
-69.974116	41.296964
-69.973823	41.295791
-69.972943	41.295204
-69.971769	41.294031
-69.971769	41.293151
-69.971183	41.292857
-69.970596	41.291391
-69.970303	41.291097
-69.969716	41.289337
-69.968249	41.288457
-69.968249	41.287284
-69.965609	41.284937
-69.965022	41.284057
-69.965022	41.283470
-69.964436	41.282590
-69.964142	41.280830
-69.963262	41.279950
-69.963262	41.279363
-69.962382	41.278776
-69.962382	41.277603
-69.962089	41.272029
-69.962675	41.269389
-69.962969	41.268216
-69.963556	41.266456
-69.964142	41.265282
-69.964436	41.264402
-69.965022	41.262935
-69.965022	41.261762
-69.965022	41.261175
-69.965902	41.260588
-69.966196	41.259708
-69.967662	41.257655
-69.967662	41.257068
-69.967662	41.256188
-69.968543	41.255308
-69.969129	41.254721
-69.969423	41.253548
-69.971476	41.251494
-69.972356	41.251201
-69.972943	41.249734
-69.973236	41.249148
-69.975583	41.248268
-69.977050	41.247388
-69.978810	41.247094
-69.979103	41.246801
-69.982330	41.246507
-69.982330	41.245921
-69.982917	41.245627
-69.985264	41.245627
-69.986144	41.245041
-69.988197	41.245041
-69.989077	41.244161
-69.991424	41.244161
-69.992011	41.243574
-69.992891	41.243281
-69.993478	41.243281
-69.995238	41.242987
-69.995531	41.242694
-69.998171	41.242400
-69.998465	41.242107
-69.999931	41.241520
nan nan
-69.999931	41.241520
-70.002572	41.241227
-70.005799	41.240054
-70.007852	41.240054
-70.009025	41.239467
-70.011372	41.239174
-70.013132	41.238587
-70.021640	41.238000
-70.023987	41.238880
-70.028680	41.238880
-70.031027	41.240054
-70.033374	41.240054
